[0.0, -0.18240391887677848, 0.0, 0.2736058783151745]
[-0.0036480783775355696, -0.0013352559338452585, 0.0054721175663034905, 0.0020028839007679156]
[-0.003674783496212475, 0.2123349013883095, 0.005512175244318849, -0.3168887589432409]
[0.0005719145315537149, 0.4003895822858862, -0.000825599934545969, -0.59734592358448]
[0.00857970617727144, 0.5846902584111741, -0.01277251840623557, -0.8740395699089925]
[0.020273511345494922, 0.7663874529732051, -0.03025330980441542, -1.1503181491842707]
[0.03560126040495902, 0.5555749033365017, -0.05325967278810083, -0.8431371416961333]
[0.046712758471689056, 0.3473246869194967, -0.0701224156220235, -0.5468556952686665]
[0.053659252210078986, 0.16218365362282722, -0.08105952952739683, -0.29042573972411034]
[0.05690292528253553, -0.04047344193164962, -0.08686804432187903, -0.011243653090557693]
[0.05609345644390254, 0.16537706324146065, -0.08709291738369018, -0.3443622206188822]
[0.05940099770873175, -0.015660491039466706, -0.09398016179606783, -0.09940809952635074]
[0.05908778788794242, -0.2090954909519361, -0.09596832378659484, 0.16187447776937733]
[0.054905878068903693, -0.39962820839944824, -0.09273083423120729, 0.4181870725601755]
[0.04691331390091473, -0.612141617788586, -0.08436709278000377, 0.7083638053640625]
[0.03467048154514301, -0.4228409397992392, -0.07019981667272253, 0.4006482324617395]
[0.026213662749158227, -0.23362937502602438, -0.06218685202348774, 0.09690812718578384]
[0.02154107524863774, -0.4091063750091827, -0.06024868947977206, 0.34134368426840567]
[0.013358947748454085, -0.20196679033198114, -0.05342181579440395, 0.013495658887964113]
[0.009319611941814462, -0.017888283780841674, -0.05315190261664467, -0.27792673409046514]
[0.008961846266197629, 0.17247128846129278, -0.05871043729845397, -0.5786821477794741]
[0.012411272035423485, 0.350275317970828, -0.07028408025404345, -0.8621796216185946]
[0.019416778394840045, 0.5329373315955519, -0.08752767268641534, -1.1561426894589977]
[0.030075525026751083, 0.32363327002187675, -0.1106505264755953, -0.8690887440244873]
[0.03654819042718862, 0.5331107510979214, -0.12803230135608504, -1.2138482806144424]
[0.04721040544914705, 0.3302326723782004, -0.15230926696837388, -0.9495607240308257]
[0.05381505889671106, 0.15312873197157298, -0.1713004814489904, -0.7315862132119038]
[0.056877633536142516, -0.035211691948648344, -0.1859322057132285, -0.5033268254653571]
[0.05617339969716955, -0.2258338589928142, -0.19599874222253563, -0.27667147019199356]
[0.051656722517313264, -0.4112474686229403, -0.20153217162637552, -0.06113144252156119]
[0.043431773144854455, -0.2196869063938635, -0.20275480047680675, -0.4015069975539517]
[0.03903803501697718, -0.021373512871958295, -0.2107849404278858, -0.7520859088653183]
